5
3.5762786865234375e-06
2.6226043701171875e-06
2.1457672119140625e-06
2.1457672119140625e-06
1.6689300537109375e-06
Average: 2.4318695068359373e-06
10
4.291534423828125e-06
2.6226043701171875e-06
2.384185791015625e-06
1.9073486328125e-06
1.9073486328125e-06
Average: 2.6226043701171875e-06
15
4.76837158203125e-06
3.337860107421875e-06
2.86102294921875e-06
2.6226043701171875e-06
2.384185791015625e-06
Average: 3.1948089599609376e-06
20
5.4836273193359375e-06
3.814697265625e-06
3.0994415283203125e-06
2.86102294921875e-06
2.384185791015625e-06
Average: 3.528594970703125e-06
25
5.0067901611328125e-06
4.291534423828125e-06
3.5762786865234375e-06
3.0994415283203125e-06
2.6226043701171875e-06
Average: 3.719329833984375e-06
30
5.4836273193359375e-06
4.291534423828125e-06
3.814697265625e-06
3.337860107421875e-06
3.337860107421875e-06
Average: 4.0531158447265625e-06
35
5.7220458984375e-06
4.0531158447265625e-06
4.0531158447265625e-06
3.5762786865234375e-06
3.5762786865234375e-06
Average: 4.1961669921875e-06
