5
4.0531158447265625e-06
3.337860107421875e-06
2.86102294921875e-06
2.6226043701171875e-06
2.6226043701171875e-06
Average: 1.5497207641601562e-06
10
1.8596649169921875e-05
1.6927719116210938e-05
1.6450881958007812e-05
3.504753112792969e-05
1.621246337890625e-05
Average: 1.0323524475097656e-05
15
0.0001735687255859375
0.0001704692840576172
0.0001697540283203125
0.00016927719116210938
0.00016927719116210938
Average: 8.52346420288086e-05
20
0.002240419387817383
0.002015352249145508
0.001871347427368164
0.0018727779388427734
0.0018584728240966797
Average: 0.0009858369827270507
25
0.02114415168762207
0.020701885223388672
0.020926475524902344
0.020598411560058594
0.020595788955688477
Average: 0.010396671295166016
30
0.24062013626098633
0.23484253883361816
0.23014330863952637
0.23101210594177246
0.22851252555847168
Average: 0.1165130615234375
35
2.6214797496795654
2.6692051887512207
2.619124412536621
2.579864501953125
2.576023817062378
Average: 1.306569766998291
5
3.814697265625e-06
3.337860107421875e-06
2.384185791015625e-06
2.6226043701171875e-06
2.6226043701171875e-06
Average: 2.956390380859375e-06
10
1.8358230590820312e-05
1.6689300537109375e-05
1.6689300537109375e-05
1.621246337890625e-05
1.6450881958007812e-05
Average: 1.6880035400390624e-05
15
0.0001780986785888672
0.0001766681671142578
0.0001761913299560547
0.00017595291137695312
0.00017499923706054688
Average: 0.00017638206481933593
20
0.0018613338470458984
0.0018641948699951172
0.001851797103881836
0.0018737316131591797
0.0018537044525146484
Average: 0.0018609523773193359
25
0.020853042602539062
0.02068805694580078
0.02251887321472168
0.021716833114624023
0.0206148624420166
Average: 0.02127833366394043
30
0.2355027198791504
0.23641037940979004
0.23279619216918945
0.24962329864501953
0.23133563995361328
Average: 0.23713364601135253
35
2.5994772911071777
2.6273508071899414
2.746936798095703
2.6630730628967285
2.7718207836151123
Average: 2.6817317485809324
5
3.5762786865234375e-06
2.6226043701171875e-06
2.1457672119140625e-06
2.1457672119140625e-06
1.6689300537109375e-06
Average: 2.4318695068359373e-06
10
4.291534423828125e-06
2.6226043701171875e-06
2.384185791015625e-06
1.9073486328125e-06
1.9073486328125e-06
Average: 2.6226043701171875e-06
15
4.76837158203125e-06
3.337860107421875e-06
2.86102294921875e-06
2.6226043701171875e-06
2.384185791015625e-06
Average: 3.1948089599609376e-06
20
5.4836273193359375e-06
3.814697265625e-06
3.0994415283203125e-06
2.86102294921875e-06
2.384185791015625e-06
Average: 3.528594970703125e-06
25
5.0067901611328125e-06
4.291534423828125e-06
3.5762786865234375e-06
3.0994415283203125e-06
2.6226043701171875e-06
Average: 3.719329833984375e-06
30
5.4836273193359375e-06
4.291534423828125e-06
3.814697265625e-06
3.337860107421875e-06
3.337860107421875e-06
Average: 4.0531158447265625e-06
35
5.7220458984375e-06
4.0531158447265625e-06
4.0531158447265625e-06
3.5762786865234375e-06
3.5762786865234375e-06
Average: 4.1961669921875e-06
35
4.291534423828125e-06
3.337860107421875e-06
3.0994415283203125e-06
2.6226043701171875e-06
2.86102294921875e-06
Average: 3.24249267578125e-06
