5
3.814697265625e-06
3.337860107421875e-06
2.384185791015625e-06
2.6226043701171875e-06
2.6226043701171875e-06
Average: 2.956390380859375e-06
10
1.8358230590820312e-05
1.6689300537109375e-05
1.6689300537109375e-05
1.621246337890625e-05
1.6450881958007812e-05
Average: 1.6880035400390624e-05
15
0.0001780986785888672
0.0001766681671142578
0.0001761913299560547
0.00017595291137695312
0.00017499923706054688
Average: 0.00017638206481933593
20
0.0018613338470458984
0.0018641948699951172
0.001851797103881836
0.0018737316131591797
0.0018537044525146484
Average: 0.0018609523773193359
25
0.020853042602539062
0.02068805694580078
0.02251887321472168
0.021716833114624023
0.0206148624420166
Average: 0.02127833366394043
30
0.2355027198791504
0.23641037940979004
0.23279619216918945
0.24962329864501953
0.23133563995361328
Average: 0.23713364601135253
35
2.5994772911071777
2.6273508071899414
2.746936798095703
2.6630730628967285
2.7718207836151123
Average: 2.6817317485809324
